111111100000001111111111111111110000000000000001111
1111111111110111000000000000000000000001110001111
111111111000000000000011111111111000
1111111111111111110000
00000000000000000000111111111111111111111111111111
1111111111000000000011001111011111110000000
111110000001111111011111111111100
00000000000011111111111
00000000000111111111111110100001111111111111
00011111111100000111110001110011011110000000000
11111111111100010000000101000111100000
11110110000000001111111101011001110
11111111111111000000000
00010000011110100111111111
11111111111111000000000000
100000000001100001100111111
11111100000
101111100000000000111111100011111111
0000000000000011111111
00000000111111111100000111110
1111000000110000001011100001111111111000
1111011111110001100000000
11111111011100000010
11111000000000000000111111000111111111
0000000000001111111111111111011
110111000100111000011111111000001
00000000000000000111111111111111
00011011111111110000000
111111011111000000000000000
11101010111101110100000110001111111000010000001
11111110000000000110101000000010100111100110000
01011111010001100010100100000100100001000001001111100000
000100001000000000011101100100000011101100000111
00001010011100001000001110001010000111001100010101
001011101001001010000101011110111111001101010111
0000000000001111111111111111
000000000000000111111111111111011
0000000000111111111111
11111111111000000
0111111111111110110100000000000000
000000000000111111111111111
11111111111110000000
1000000000111111100010011111111
00000000000011111111111
100001100000100000000000111111111
111111111111000000000000
00001000011000011100001011111111
0000000011101111110111000011111
11111111111000000
1111111111111111111111100000000000
101111111111111011101111111111100000000000000000000
0110100010100110001101000001010100010010001000011001100
00001100100001101110011010100100111000000101001010000
110101010111000111010011000000000001000000111100010001
000001001101101001111110000000001111010001101101011
0011110000011111101110000001011110000100111010100100
00111011110111101100110110100000100000011001111110
0000000000000000011100111110111111111111
00110000111111110001111101010100000000
0000000000111111111111111
0000000000001111011111111111110
11111111111111111111100000000000
0000000000001111111
11111111111100000000
0111111110011111111111110001000000000
00000000000011111111111110111
111111111111111110000000000
00000000011111111111
111111111000000000
000000000000000000111111111111111
111111111111100000000
0000000000000111111111111
1111001111110000001111000000
000000001000000000011111111111111111
000010011111111111100
1110011110000000000
1110111111110000000000000
11111111111111101001000000000001000000
010111001101000000010101011010110011100001011
0011110111100001000110110000110111000000000
01111111111000110110011100011110010010000000000001111
0000100000110111000101110000111001100001100100000110110000110110
000000111100011000001011001100000011111101001001110001
000000000000000001011011111111111111
1110010000001111011111111100
11111111100000000000000011011111111111
011110000000000000011111111110111
000000001111111111000
00000111111111
111111111011000000000000000100111
00001111111100000
0111110000000011111000011111100001
111111111111100011100000000011
000000101011111111100001110000
0000000000000111111111111111110
000000000000101111101010111111011
11111111111000000000000
0000000000001011111111111111
11111001000000000001111111101110011
01011111111111110100011110000
000000000000000011111111111111
00000100111111111111000000011110001110
0000111111111111010000000000
11111111011111000000000000
111100000000000000111101111110111111
111111111110111111110000000000000000
10101010100110000000101111100000011011110001111
000000000000011110001110011110100000111111011011
00100010001101000011110001110101111001110000011100
001000101001000000100010101101000100101111100111011111
11000011000010110000001100010011111001011110111
0000000000011111111111111
011101101010011111000111111100000000
111111111110110110000110000100000000
1100111000000000000110111111110011100001
0000010111111111111111100000
00000001111111101
000000011111111111110000010
0000000000011111000011111111
00000000110011111000100111011111
00000000000011111
1000001111111001111110000000
1111111111111110000000
111111111111110000000
00000100001111111111
111111111101110111100000000000000
01111100000111111111111111110000100010
0000000000011111111100111111
1111111110000000
00000000001111100011010001011111111
000000000111111111
111111111000000000000
000000000000111011111111111
000000000011111111
111111100000000000
1111010001111111101111110001100000000
111000110001001110101100111110010111100001000
0001010001110010010111000000101111010010100111111101
01111110001111111110000010000000000000
0000010010111111000100111111111111111010110101011
011110000111111101111010101111110111000000000000000000
011000000000000100111100000011111101110000011011101010111
0000000000000001101011111111
00000000001111111111111
111111111111100111000100000100001000000
0000000011111111000111000001101111010000011
00000000000011001111111111111110000111110
00011111111111111111110000000000
0000000000011000001111111111111
0111111110000
00000000000000000111111111111111101
1111111111111110000000000000
000001111
11000000
0000000000001111111111111
1111110111111111111000000000
01111111111001100000011100
01111111111000000000110000000
00000001111111111111110000
000000000001111111111111
11111111111111000000000
011
00000
11111111111111111000000000000000
0111111001100010001000111111111011100001
0111010001100100101000011111001100110110110101
0111111111000000000000000000000111111111110010
01101101001101110100001010101001001101001100010000101
000100000001100010011100000100100111111111
00000000000000110000011111101111111110
11100000111111110011100110010000000
00000000000000001111111111111111
111110000000001100000100101111111111001101
0111111111111110000000
0000000000110001111011111
111111111111100000000000
000000111111111111
00000000
000
01111111111000000000
000000000001111111111111
11111110111111000000000000
0000001111111111100
00000000111111111111
11111111101100000000000
00000000011111111111111111000
0000000001101001111111111111
000000000000111
111111100000000000000011111111
111111111000
10011111111110000111000000100101110111001100001010100
00110111001100101010101010110000000000001001111
1111111000100001000001010011000100100100111100010100
1000001010000011000010000111111001111101111
01111110101010010100001111111100
11101111100100111110011101000000000010000
000000000000000110000111000001111111111111111
11111111111110000000000001000100001
000000000000000001101110111111111011111111
000000000000101111101111001111111111111
00011111110111111000000000001
000000000111111111111
111111111000000000000111111
1111100000000000001111111111101
0000000000011111111110
0
111111110000000000
00000000001111111111110000
00000000000010111111111
111111111111100000001100000000
0000000111111111111111110000
000000000001111111111
111111111011000000000000011111
0000000000000011111111111111
0001111110111111111000000
00001111111
1111111111110000000000000000111100111111
1111111111100000000
00011111111111100000011100000100
0111111111111111000000000000000100
11100111100111000011000011001111111111
111111100000000000000010001101
01111000110001101010101010110100011110111101100
0000000000000000111011111001111
10111111111010111110000000000
0001111101001101111111101101101111001100000000
000000101100000000111101111101
0000000000000111110111111111
111000000000000
000011001111111111111001100000
000000000011111111111111111101
111111000000001000100111
1111110000000000001011
0001111111111111000000000000
0000001111111111111100
0000000000000011111111111111
011111
000
00000000011111111111
111100111111110111000000000000
011111111111111100000000000000
1100111111100111111110000000000000
000011111001000000011011011110100110011111111
111111111000000000000000000011111110110
0110111010111110001110110111101000001000001
000000000000000001111111111111111111
11111000000110111111111100000000000
011101111000111111100101001110111100100110010101000000001
000001000000111111100000111111111100001
0000000000100101101001101001011110111111111111100
011110000111110011100000110111110000
000000101111111111110001110101000111101
00000000111111111
11111111110000000001111100
0000001111111111
11111111000
01111111111111110000000000000
11111111111111100000000001000
0000000111110111111111100000
0000011111111111100000001
00100000111111110110000010
00000000000001111111111
000001111111111111100000000011111000
000000010111111111100000000001111
000000000000111111111
111110000000000
00000011101000110011111101111001
11111111111111110000000000000
11111111101100111100000000000000
111111111111110000000000000100101
0000100000111111111110010010001011011111
000011100000011111111111110000000
11100011001111111110101100010110100001001100101100
0001000001000100010011001011110010001011110111011
0001000000010010010011001110011111111111100100
0000111111111
10000000000001111111100
0000000000000011111111111111111
111000000101111111000000010
00000000000000011111111111111
1111111100
111111111111000000000
00000010011100001000011111111
0000000000110111111111111
1110000001100011110111111000000111111111
11111111111110000000111111111111000000000000001111000111
1111101110000000000000111111100
00111111111111001110000000000000
111110111001111001111000010110100100001110
11111111111100001000000110000101111011010001
0000000000000101011111111
111111111111110000000000000000
1111111111111000000000
00000011111111111100000
01111111111111111100000000000
1011111111011100000000000000
000000000011111111111
111110000000000
111111111000000000000010001
1111001011111110001000000000
111000110101001110101001111001101010101100110110
101111101111101111000010101000000010000100001
0111000010010010111110101101111011111110110100001000000
00100100011100011000100110101001011111110010
0000001000001110111111111111110010000010010
000001100000101000001111111110100010101111
0000000000000000001101111111111
1111111110000000000
001111111111110000000000
000000001111111111
0111111111111111110000000
0000001111111111
111001111110000000000000000000111111111
11111111111100000000000001
0000000110111111111110000
00000000001111111111000110
000000000111101111111111
0100111111111111100000000
00000000111111111101110
11011111111001110000
1111111100000010000011
111111011111110000000
101100001000100000111010000101111111110111111101
01011101110100010000011001000111110110
0001011111111011111110011100000000001
100111001011111110011111000011100011111101111
11111111111100011110111000010100000000000
00010100001000100110011010100011111010110100000110000011
0000000000000000000010101111111111111111
10100010010101111111111110110001000001110
00000000001100111011111100111111100
1010000110101010111000011111000011110011
000000000001111011111111101111100001000011
000000000000000111111111111
00000011111111111111000000
01110000011000000000111111
