11111000000011111111111111000000000000001111
1111111111111100000000000000000000011000111111111
11111100000011111111111000
000000000
0000000000000011111111111111111111
111111000000001111111111000000
11110110000000
00000000
000000000010100011111111
00111111111001111111110001111001101111100110000000
1111111111001000001101100
110000000110
0
00011111
00
00000000101111111

0000001101111
0000011
000000111
111000001111111110000
00000
111111000
100000000001011
001
100011100011111000
000000
01000
1111111110000000
10011101110000010011111110000100001
111111000000000011001000000001010011110010000
010111110101011100011001100100010001111110000
000100010000010000011011001010000011101100000110
00010100111000010000011000101000011100110010110111
00101000001011111011010101000010

000000001110
0

111110000
001
000
000000111001111
0000
000111111
00
00000011111
000000000

111000000
1111111111111100000000000000
1101100101001101101010101001001000100011001100
00001101000011011100110101001001100000101001010000101
110101001111110000000001110000111
000101111001111100000111001111011010
0011000011101110000010111100010111000100
0011101110111010010101000010000000111110
0000000110111101111111
0111101111101100000

00011111
1000
0
00000
1100000000
001011

0000011
11111000
000111111


1100000
000000111111

0
111111111100000
111111111101000000000
001110010100000101010110101011100000111110100
0011110111100010001101100001101110000000001
011111111000110100110001110000000000000000011
0010000011100100011100100100011100110
0000111101100001110110001111100101110101110
001111111111
000000001111110
11100000011111
00000001101
0

111000000001
0
11000100110
1111111000000001
0001111110010000
000011111
001111
100
0000000011111111
111100000000011111100
11100000
00111
0000111111000001110
0011100000
00000
0000000000111
111111111011100000000
001000100000001111110000011001111
000000001001110011101001111011
1000000110100001110011101011100110000111000
001000001000000100010011010100111100110111
000000001010000011001001111001011101
0001111111111
011000110001100
11111111111000000001110
1010000110100111
0000
00001
001111110000
00000000011
00000

000100000
00
00
00000111111
111000000
100011110000000
000011

000000111001000111

000
000000011
0
0
11111110100000
11100101111010011110001110000
00000010000000001010011111010
0111111000011111111111000010000000000
000001000101111000100111111111101010101011
011011101000111111011100000000000000
100000000100111000001111011000001111010111
000011111
00000001111
111111111110000
0000001111110010001111011
00000010011111110001
00111100000000
0000000000111
0
00
111000


01
11111000000
011100000
0111000


1111100


1111100
011110110000000111111000010
0100001010011000011110110011010110110111
111111110000000000001111111
01101110111001011000101010100001000
000001001100000001011111
000011101111111
101111101101100000000
11
11000000011111000
00
000000000011
10000

0


1
0
0111

1111100000
0011
00000111111

100000

1001111111110011100000001111110100000100
0011100110011010101010110000000001001111
1111110010000010010010010101110111
00000000010011011110111
000000001100
1111111001011000000000
000000000001001111111111
111111111111100000000000100101
00000011111
00000000000110111
011111111000000
00111
110000
11100000
0000011111110


00
0000111
111111100
00
00001111
1000
00
00000

1111111000000000111001

0011111100000
011111110000000000
0000000000001111
111100000111
011010000011001000011101101001
000011111
00
0001111100101111011001100110000000
0000010011111110111
0000001111
00
000001111100
000000111100
111100111
1110000
111111000
0000
0


000
0000
10
0110111110000000
0001100000000010111101001111
111111110000000000000011010
011010111100111011110100001001
000111111
11101111111000000
0111001111110011011111100101100101010000001
00000010011111110
000000101001111111111
10001000000101111
000011111100000001101
0111
111110


11100
1111100
000
11
00111000
0
100
001100
0
10
000

111111101000000
111111111000000
0000001111110010001
000011111000
10001111111000000001000
0100000000100001011100100111110110111
00000000101000101101111111000

0011
0
010
001111


0000011000111111
0000011111
0000110000
1111111100111110000000001011111110
111000
1111111100000000
11111011001101100010111001000010011
1111111110001000001100011001110
0000011
111110000
000
00
000
11110000
0000

11110
1111000
000011000111001010001111011
101111111110111000101000000010001001
0111001001111101111111111111110000000000000
001001000100011001011011001011111001
00000101111111110100000
00110010000111111110100011
00001111111
10


00
0
11011100000011111
1000
00
00001111101
000
1111110

100
0000
0000
000000000010000111011111
1111011110000110111110
0000111111111110110000000011
001110001101000000111101
111111111101011000000000000
000101000010010110101001111011100010000111
00000000000001111111111111
000000101111000000011
0000001110111100
101000011011010110001110000111001
000001011111101111000
000011111
01000
110000001111
