1111111000000001110011111111111
1111110000000000000011111111111
1110000000000000000000001100011
1111111111111111000000110000000
0000001111111111111111110000000
0000000000000000000011111111111
1111111111111111111111111111111
1100000000001100111110111111110
0001111000011111101111111111100
0000000000000000011111111111000
0000000011111111110100001111111
1111111111000011111111100000111
1001111100001111000110101111111
1111111111000110000000111000111
1011111011000000000111111111010
1100111111111111111100000000000
0100000011110100111111111111111
1111110000000000000000000000011
0001100111111111111000000010111
1000000000001111110001111111111
0000000000001111111111000000001
1111111111100000111111110000011
0000010111000011111111111000011
1110111111111001110000011111111
0110000000001111110000000000000
0001111111000111111000000000000
0111111111111111011110111001001
1100001111111100000110000000000
0000000111111111111111000110111
1111111000000011111101111100000
0000000000111010101111011101000
0011000111111100001000000111111
1100100000000110010100000001010
0111100110001011111010101011000
1010010000010010000100000010011
1110000010001000001000001101100
1010000011101100000110000101001
1100001000001100010100001110011
0010110111000100010010000010011
1011111100110101011100001000000
0000000011111111111111110000000
0000000011111111111110111000000
0000001111111111111111111111000
0000111111111111110110100000000
0000000000000000011111111111111
1111111111111110000000000000000
0011111110000100111111000000000
0001111111111110000110000100000
0000001111111111111111111111010
0000000000000100001100001111000
0101111111000000001110111111011
1000011111111111111110000001111
1111111111111111000000000000001
0111111111111101110111111111110
0000000000000000000011010100010
1001100011010000010101000100100
0100001100110000110100001101110
0110101001001100000101001010000
1011101010101110001110100110000
0000010000011100010000111100001
0111100011111000000000111010001
1011010110110010011110000101111
1011100000001011110000100111010
1001000111011010010111100110001
0110100000100000001101000000000
0000000001110011111011111111111
1100110000111111111000111110101
0100000000000000000111111111111
1110000000000000111101111111111
0111111111111111111111000000000
0000000000000000111111111111111
1110000000000111111110011111111
1111111000100000000000000000001
1111111111110111111111111111111
1110000000000000000001111111111
1111111111000000000000000000000
0000001111111111111111111111111
1110000000000000000000001111111
1111111110011111111010000011110
0000000000100000000001111111111
1111111000000010011111111111110
0111100000000000111011111111000
0000000000111111111111111110110
0010000000000000100111001010000
0101010110101011100000111110100
0011110111100010001101100001101
1100000000010101101111101110001
1011001110000111100010001000000
0000000100000110111000101110000
1110011000011001000011101100001
1111000000011110001100000101101
1000001111010010111000101110000
0000000000000000010110111111111
1100111000100000011111101011111
1111111100000000000000011011111
1111110111100000000000001111111
1110111100000000111111111111000
0001111111111111111101100000000
0000000101111100011111111100000
1011110000000011111010001111110
0001111111111111100011100000000
0000000010101111111110000111000
0000000000000011111111111111111
0000000000001110111110101011111
1011111111111110000000000000000
0000000110111111111111111110000
0000000000111111101110001110010
0111111111111100100011100000000
0000000100011111111111110000010
0111111111111000000011110011100
0010011111111111110100000000111
1111101111100000000000011110000
0000000000011111011111101111111
1111111101111111100000000000000
0010101010100111000000010101111
0000001101111000110000000000000
1111000111001110101000011111111
0111100101000110100001111001110
1011110011100001111100000010000
0001000000001000010001101000010
0011011001101111101000110000110
1100000000110001001111110010111
0000000000000111111111111011101
1010001111000011111011000000001
1111111111110001100001000000000
1110111011100000000001101111111
1011100001111000001101111111111
1111111000000000011111111010000
0001111111111111000001000000000
0000111111100001101100000001100
1111100011001111111110000000000
0011111100000011111110011111100
0000111111111111100000000011111
1111111111000000000000010000111
1111111111111111011101111100000
0000000011111000001111111111111
1111110000100000000000000111111
1100111111111111111111000000000
0000101111100101101000110111111
0000000001111111111111111110000
0000000000000000000011110111111
1111000000001111111111111111100
0000000001111010001111111101111
1000110000000001110001101001001
1101011001111110001111000010000
0010001110010001110000001011110
1001010011111101110011011101000
0111111101110100000100000000000
1000101001111110001000111111010
1111111101011011110001111111011
1010110111111011100000000000000
0000001100000000000010011110000
0011111101110000011011101010111
0000000000000110101111111111110
0000000001111111111111111111111
1101110001000001000100000000000
0000011111111100011100000110111
1010000010000000000001100111111
1111111110000111110000111111111
1111111100000000000100000000000
1100000111111111111101111110000
0000000000000000000111111111111
1101111111111111111110000000000
0000000111111100000000000000000
0111111111111111111101111111110
0000000000000011111111111001110
0000000111111111100000000011000
0000000000011111111111111100000
0000000001111111111111111111111
1111110000000000110000011111111
1111111110000000000000000111100
1100000000111111101011100001111
1001000010010010100001111001100
1101011001101100101111111110000
0000000000000000111011111111001
0011011100110111100001010100010
0110100110001000011010000010000
0011000100111000001100101011111
1110000000000000111000011111101
1111111100111000011111111011110
0110010000000000000000000000011
1111111111111111111100000000011
1100001001011111111110011101111
1111111111110000000000000001110
0011111111111111111111100000000
0000000001111111111110000000000
0011111111111000000000000000000
0011111111111111111111011111110
0000000000000000111111111110000
0000001111111111111111111110110
0000000000000000000111111111111
1111100000000000011010011111111
1111100000000000100111111110000
0000000000011111111111111111100
1001111111111100011100000001011
1011111001100001010100001011110
0110011101010101101100000000000
1100111111111100010000100000101
0011001001001011110001010011100
0001010000011000010000111111001
1111011110111111010101001010000
1111111100111011111001001111100
1110100000000010000000000000000
0000110000111000011111111111111
1111111111111111001000000000010
0010000000000000000000001101110
1111111110111111110000000000000
1011111011111001111111111100011
1111101111111000000000000000000
0011111111111111111111100000000
0001111111111110000000000000111
1111111101000000000011111111110
0011111111000000000000000000001
1111111111100000000000000001101
1111111111111111111100000000110
0000000000000011111111111111111
1000000000000011111111111111111
1011000000000000011101000000000
0000000111111111111100000111110
0111111111000000001111111111111
1111111100000000000000000001111
1001111111111100000000000111111
1111110000000111000001101111111
1111111100000000000000000000111
0011110011100001100000110011111
1111111100000000000000100011011
1011110011000110101011010110100
0111101111011001000000000000000
0111110011111111110111111110101
1111000000000000000110111010011
1011111111101101110111100111000
0001001110000001111011111011100
0000000000111101111111111111100
0000000000000011001111111111100
1100000100000000000111111111111
1101110011111100000001000001111
1111111000000000000101100011111
1111111000000000000000000111111
1111111100000000000000000111111
1111111101111100000000000111111
1111101111000111111111011110000
0000001111111111111110000000000
0000100111111100111111110000000
0000000000011111001000000011011
0111101001101110111111111111110
0000000000000000001111111011001
1011101011111000111011011110100
0000100100000000000000000001111
1111111111111111111100000011011
1111111100000000000011101111000
1111111001010011101111001001100
0101010000000000000100000011111
1000000111111111100000000000000
0100111010011001001011110111111
1111111000111100011110000000110
1110010011111100000011011111111
1111010011100101000111000000001
1111111111111111110000000001111
0000000001111111111111111110000
1111111111111100000000000000111
1111111111000000001000000000000
0011111011111111100100000000111
1111111100000001100000001111111
0100000010010000000000000111111
1111000001111111111111110000000
0000111110000000101111111111000
0000000111100000000000011111111
1111110000000000000000111011000
1100111111101111011111111111111
1000000000000001111111110111001
1111000000000000111111111111110
0000000000000100100000100001111
1111111000000001101111000110000
1110000001111111111111100000011
1100011001111111110110001010100
0010011000101100100100000000100
0100110010111100100010111101110
1111000100000001001001001100111
0011111111111100100000011111111
1100000000000011111111100000000
0000001111111111111111111110000
0010111111100000000100000000000
0000111111111111111111111100111
1111111110000000000000001011000
0000111111111111000000000011011
1111111111100000000100011110111
1110000001111111111111111111100
0000011111111100000000000000011
1000111111100111110111000000000
0001111111000011111111111101110
0000000000011111111011100111001
1100010110100100001000011111111
1111110000100000011010010111101
1010110000000000000010111111111
1111111111111110000000000000011
1111111111111110000000000000111
1111111110000001111111111111111
1100000000001101111111101110000
0000000000000000000111111111111
1111000000000011111111100000000
0000010001111100111111110001000
0000000111001100101001110101001
1110011010101011001101101011111
0111111011110000101011000000010
0001000011100010101011111010111
1111111111011010001000000000000
0011001000111000110001001101010
0101111101100000000100000011101
1111111111111001000000010000000
1100000010100000111111111010001
0011100000000000000000001110111
1111111111111100000000000011111
1111110000000000000000000111111
1111001111111111111111100000000
0000111111111111100111111000000
0000000000000111111111111111111
1110000000000000100000011011111
1111110000000001000000111111111
1100010000000001111111111111100
1001111111111110000000000000000
0111111111101110110111111111001
1100011111111000000110000011111
1101111110000000010110000110000
1000001110010000101111111110111
1100101110111010000000011001000
1111101100000101111111111111110
0110000000000111100111100101111
1110101111100000111000111111011
1111111111100111101110000100000
0000000000001010001000110011001
1010100011111010110100001100000
1110000000000000000000000101011
1111111111111010100100101011111
1111111011000100000111000000000
0111001110111111001111111010101
0001101010101110000111110001011
1100000000000000111101111111110
1111100001000000000000000000001
1111111111100000111111111111110
0100000111100001100000000011111
1
