1111111000000011111111111111111
1000000000000000111111111111111
1011100000000000000000000000111
0001111111111111000000000000011
1111111110001111111111111111110
0000000000000000000000011111111
1111111111111111111111111111111
1000000000011001111011111110000
0001111100000011111110111111111
1110000000000000011111111111000
0000000011111111111111010000111
1111111111000111111111000001111
1000111001101111000000000011111
1111111000100000001010001111000
0011110110000000001111111101011
0011101111111111111100000000000
0100000111101001111111111111111
1111111000000000000100000000001
1000011001111111111110000010111
1100000000000111111100011111111
0000000000000011111111000000001
1111111110000011111011110000001
1000000101110000111111111100011
1101111111000110000000011111111
0111000000101111100000000000000
0111111000111111111000000000000
1111111111111111011110111000100
1110000111111110000010000000000
0000000111111111111111000110111
1111111000000011111101111100000
0000000000111010101111011101000
0011000111111100001000000111111
1100000000001101010000000101001
1110011000001011111010001100010
1001000001001000010000010011111
0000000010000100000000001110110
0100000011101100000111000010100
1110000100000111000101000011100
1100010101001011101001001010000
1010111101111110011010101110000
0000000011111111111111110000000
0000000011111111111111101100000
0000011111111111111111111111000
0000111111111111110110100000000
0000000000000000001111111111111
1111111111111110000000100000000
0111111100010011111111000000000
0001111111111110000110000010000
0000000111111111111111111111000
0000000000000100001100001110000
1011111111000000001110111111011
1000011111111111111110000001111
1111111111111111111000000000001
0111111111111101110111111111110
0000000000000000000011010001010
0110001101000001010100010010001
0000110011000000110010000110111
0011010100100111000000101001010
0001101010101110001110100110000
0000000100000011110001000100000
1001101101001111110000000001111
0100011011010110011110000011111
1011100000010111100001001110101
0010000111011110111101100110110
1000001000000110011111100000000
0000000000111001111101111111111
1100110000111111110001111101010
1000000000000000000111111111111
1110000000000001111011111111111
1101111111111111111111110000000
0000000000000000111111111111111
1111000000000111111110011111111
1111100010000000000000000000001
1111111111110111111111111111111
1100000000000000000001111111111
1111111111000000000000000000000
0000001111111111111111111111111
1110000000000000000000001111111
1111111110011111100000011110000
0000000000100000000001111111111
1111111000010011111111111100111
0011110000000000111011111111000
0000000000111111111111111010010
0000000000100000001011100110100
0000010101011010110011100001011
0011110111100001000110110000110
1110000000000111111111100011011
0011100011110010010000000000001
1110000100000110111000101110000
1110011000011001000001101100001
1011000000011110001100000101100
1100000011111101001001110001000
0000000000000010110111111111111
1111100100000011110111111111001
1111111100000000000000011011111
1111110111100000000000000111111
1111011100000000111111111100000
0001111111111111111110110000000
0000000010011100001111111100000
0111110000000011111000011111100
0011111111111111000111000000000
1100000010101111111110000111000
0000000000000011111111111111111
0000000000000101111101010111111
0111111111111100000000000000000
0000000101111111111111111111001
0000000000011111111011100110101
1111111111110100011110000000000
0000000000111111111111110000010
0111111111111000000011110001110
0000111111111111010000000000111
1111101111100000000000011110000
0000000000111101111110111111111
1111111101111111100000000000000
0010101010100110000000101111100
0000110111100011110000000000000
1111000111001111010000011111101
1011001000100011010000111100011
1010111100111000001110000100010
1001000000100010101101000100101
1111001110111111100001100001011
0000001100010011111001011110111
0000000000011111111111111011101
1010100111110001111111000000001
1111111111011011000011000010000
0000110011100000000000011011111
1110011100001000001011111111111
1111100000000000011111111010000
0001111111111111000001000000000
0001111100001111111100000000110
0111110001001110111110000000000
0011111100000111111100111111000
0000111111111111111000000011111
1111111110000000000001000011111
1111111111111110111011110000000
0000000011111000001111111111111
1111000010001000000000000111111
1110011111111111111100000000000
0000001111100011010001011111111
0000000001111111111111111110000
0000000000000000000011101111111
1111000000000011111111111111100
0000000001111010001111111101111
1100011000000001110001100010011
1010110011111001011110000100000
0101000111001001011100000010111
1010010100111111101011111100011
1111111000001000000000000000000
1001011111100010011111111111111
1010110101011011110000111111101
1110101011111101110000000000000
0000001100000000000010011110000
0011111101110000011011101010111
0000000000000001101011111111000
0000000111111111111111111111111
1100111000100000100001000000000
0000011111111000111000001101111
0100000110000000000001100111111
1111111110000111110000111111111
1111111111000000000000000000000
1100000111111111111101111111100
0000000000000000000111111111111
1111011111111111111110000000000
0000000011111100000000000000000
0111111111111111111101111111111
1100000000001111111111001100000
0111000111111111100000000011000
0000000000011111111111111100000
0000000000111111111111111111111
1111110000000000110000011111111
1111111110000000000000000111111
0011000100010001111111110111000
0101110100011001001010000111110
0110011011011010101111111110000
0000000000000000011111111111001
0011011010011011101000010101010
0100110100110001000010100010000
0001100010011100000100100111111
1110000000000000011000001111110
1111111110111000001111111100111
0011001000000000000000000000001
1111111111111111111100000000011
0000010010111111111100110101111
1111111111000000000000000001100
0111101111111111111111110000000
0000000000111111111111000000000
0001111111111000000000000000000
0011111111111111111111011111100
0000000000000000111111111110000
0000001111111111111111111110110
0000000000000000000111111111111
1111100000000000011010011111111
1111100000000000011111111110000
0000000000011111111111111111000
1001111111111000011100000010010
1110111001100001010100001101110
0110010101010101011000000000000
1001111111111100010000100000101
0011000100100100111100010100100
0001010000011000010000111111001
1111011110111111010101001010000
1111111100111011111001001111100
1110100000000001000000000000000
0000110000111000001111111111111
1111111111111111000000000000100
0100001000000000000000001101110
1111111110111111110000000000001
0111110111100111111111111100011
1111101111110000000000010000000
0011111111111111111111100000000
0000111111111110000000000000111
1111111101000000000001111111111
0011111111000000000000000000001
1111111111100000000000000001011
1111111111111111111100000001100
0000000000000111111111111111110
0000000000000011111111111111111
1101100000000000001111100000000
0000001111111111111100011111101
1111111100000000001111111111111
1111110000000000000000111100111
1111111111111100000000000111111
1111110000001110000010001111111
1111111100000000000000010011100
1111001110000110000110011111111
1111111110000000000000001000110
1011110001100011010101010101101
0001111011110110000000000000000
0011101111100111110111111111010
1111100000000000001111101001101
1111111011011011110011000000000
0000010110000000011110111110100
0000000000011111011111111111100
0000000000000011001111111111111
0011000000000000000111111111111
1111110111111100000000100010011
1111111000000000000101100011111
1111111100000000000000000011111
1111111110000000000000000111111
1111111101111100000000000011111
1111111111001111111101110000000
0000001111111111111110000000000
0000110011111110011111111000000
0000000000011111001000000011011
0111101001100111111111111111110
0000000000000000001111111011001
1011101011111000111011011110100
0001000001000000000000000001111
1111111111111111111100000011011
1111111100000000000011101111000
1111111001010011101111001001100
1010100000000100000100000011111
1100000111111111100001000000000
0100101101001101001011110111111
1111111000111100001111100111000
0011011111000000000010111111111
1110001110101000111101000000001
1111111111111111110000000001111
1000000001111111111111111110000
1111111111111110000000000000111
1111111111110000000000100000000
0011111011111111110000000000111
1111111110000000100100000111111
1101100000100000000000000111111
1111000001111111111111100000000
0111110000000000101111111111000
0000000111100000000000011111111
1111110000000000000000111010001
1001111110111100111111111111111
1100000000000001111111110110011
1100000000000000111111111111110
0000000000001001010000100000111
1111111100100100010110111110000
1110000001111111111111000000011
1000110011111111101011000101101
0000100110010110000010000010001
0001001100101111001000101111011
1011000100000001001001001100111
0011111111111100100000011111111
1100000000000011111111000000000
0000000111111111111111111110000
0010111111100000001000000000000
0000111111111111111111111100111
1111111110000000000000001001110
0001000011111111000000000011011
1111111111111000000110001111011
1111000000111111111111111111111
1000000011111111111100000000000
0001111000111111110111000000000
0000111111100001111111111110011
1000000000000011111011100111100
1111000010110100100001110111111
1111110000100000011000010111101
1010001000000000000010101111111
1111111111111110000000000000000
1111111111111000000000000000111
1111111110000001111111111111111
1000000000001011111111011100000
0000000000000000000111111111111
1111000000000011111111100000000
0000010001111100101111111000100
0000000111000110101001110101001
1110011010101011001101101011111
0111110111100001010100000001000
0100001011100001001001011111010
1101111011111110110100001000000
0010010001110001100010011010100
1011111110010000000100000111011
1111111111110010000010010000001
1000001010000011111111101000101
0111100000000000000000011011111
1111111111111100000000000011111
1111111000000000000000000111111
1111011111111111111111000000000
0000111111111111100111111000000
0000000000000111111111111111111
1110000000000000100000001101111
1111111000000000000001111111111
0001100000000001111011111111110
1001111111111111000000000000000
0111111111101110110111111110011
1000011111111000000100000111111
1101111111000000010110000100010
0000111010000101111111110111111
1010101110111010001000001100100
0111110110000101111111101111111
0011100000000001100111001011111
1100111110000111000111111011111
1111111111100011110111000010100
0000000000001010000100010011001
1010100011111010110100000110000
0110000000000000000000010101111
1111111111111010001001010111111
1111110110001000001110000000000
0110011101111110011111110010100
0011010101011100001111100001111
0011000000000001111011111111101
1111000010000110000000000000001
1111111111100000011111111111111
0000000111000001100000000011111
1
