58
49
44
22
53
46
33
24
44
64
41
38
24
27
26
27
11
36
22
31
40
28
20
41
32
33
34
23
27
48
49
59
48
50
48
28
33
23
17
34
27
20
33
23
33
25
33
31
18
34
51
57
53
54
51
53
58
40
38
25
33
32
19
20
39
29
27
20
18
33
21
25
31
36
24
19
25
44
45
43
64
64
54
39
35
38
33
23
14
33
17
35
35
30
31
34
24
29
35
35
31
38
29
26
38
36
50
48
50
56
52
27
38
36
40
30
17
27
32
32
18
29
22
25
20
35
40
28
18
40
18
21
28
18
18
37
46
52
47
60
54
57
28
26
39
46
41
32
31
13
35
28
9
8
26
28
32
29
26
24
23
3
6
32
40
46
46
53
43
38
35
32
45
24
31
24
18
9
3
20
26
28
20
20
23
29
28
15
30
13
53
48
52
43
32
41
45
36
42
41
33
21
27
31
22
1
18
26
25
30
30
21
30
30
29
11
46
19
34
38
41
30
47
31
29
53
30
28
16
30
30
24
22
28
22
28
6
3
20
33
30
34
45
40
45
36
35
58
39
49
36
43
17
26
16
11
29
29
29
25
26
23
39
33
21
15
34
29
34
34
40
34
50
49
46
13
25
31
27
29
10
21
29
25
40
56
31
32
42
44
25
30
24
23
29
31
21
17
27
28
48
47
55
46
43
43
33
19
24
18
27
16
39
26
25
29
24
25
23
20
23
21
52
38
37
48
41
56
41
42
36
42
44
27
26
26
