51
55
36
28
50
43
38
23
48
47
38
35
23
26
28
29
13
40
27
29
41
25
23
38
31
33
32
23
27
47
47
56
49
53
58
28
36
22
17
35
28
20
31
23
34
24
32
33
17
44
51
55
56
57
58
52
50
41
38
25
31
34
20
21
37
29
27
21
18
33
21
26
28
36
21
20
26
38
55
45
53
64
59
36
28
38
34
21
16
35
17
34
30
30
31
33
23
28
40
29
30
39
28
27
36
37
47
49
51
54
47
25
36
42
43
28
17
27
28
33
17
28
25
21
20
33
38
29
16
35
18
21
27
19
18
38
45
55
38
49
55
58
30
23
42
43
41
34
31
15
38
28
10
8
25
32
26
30
26
25
24
6
5
34
45
59
46
55
42
39
36
34
42
22
25
24
19
8
4
20
24
26
19
20
24
29
28
22
30
12
53
47
54
43
32
42
46
35
42
39
29
21
28
31
23
1
18
26
23
30
28
24
31
28
25
11
40
19
32
34
38
32
50
37
31
46
32
30
15
32
35
26
22
30
23
28
6
3
21
30
30
34
45
39
43
36
35
57
40
49
46
39
18
28
17
11
29
34
28
26
28
23
36
33
21
15
32
30
32
33
45
33
51
51
46
13
23
33
28
29
10
21
34
25
42
62
32
38
48
46
27
32
22
24
30
28
21
15
27
28
48
45
62
44
43
42
31
19
25
18
25
16
39
26
26
26
27
27
23
21
22
22
48
39
39
45
44
57
40
41
35
40
42
27
26
26
