1111111000000001110011111111111111111000000000000000011111
1111111111111100000000000000000000011000111111111
11111111100000011000000000000011111111111000
1111111111110000000000
00000000000000000111111111111111111111111111111111111
1111111111100000000001100111110111111110000000
111100001111110111111111110000000
000000000000111111111111
00000000000111111111101000011111111111111111
0000111111111000001111001111100001111000110101111000100100000000
11111111111111100011000000011100011110000
11111011000000000111111111010110011101
111111111111110000000000
000100000011110100111111111
11111111111110000000000000
000000000011000110011111111
11110000000
101111000000000001111110001111111111
0000000000001111111111
0000000011111111111100000111110
1111000001100000101110000111111111110000
1111101111111110011100000000
11111111011000000000
11111100000000000000001111111000111111111
00000000000001111111111111110111
110111001001110000111111110000011
0000000000000000011111111111111111
00011011111111110000000
111111011111000000000000000
111010101111011101000001100011111110000100000010
1111111001000000001100101000000010100111100110000
01011111010101011000101001000001001000010000001001111100000
000100010000010000011011001010000011101100000110
00010100111000010000011000101000011100110010110111
000100010010000010011101111110011010101110000100
0000000000001111111111111111
000000000000000111111111111101110
00000000000111111111111
11111111111000000
0111111111111110110100000000000000
000000000001111111111111111
11111111111110000000
000000000001111111000010011111111
00000000000011111111111
100001100001000000000001111111111
1111111111110100000000000
000010000110000111100001011111111
0000000011101111110111000011111
111111111110000000
1111111111111111111100000000000000
101111111111111011101111111111100000000000000000000
011010100010100110001101000001010100010010001000011001100
00001101000011011100110101001001100000101001010000101
110101010111000111010011000000000100000111000100001111
000010111100011111000000000111010001101101011011001
00111100001011111011100000001011110000100111010100100
0011101101001011110011000101101000001000000011010001111110
0000000000000000111001111101111111111111
00110000111111111000111110101010000000
0000000000111111111111111
000000000000011110111111111101110
11111111111111111110000000000000
0000000000001111111
11111111111000000000
011111111001111111111111110001000000000
00000000000011111111111110111
111111111111111111000000000
00000000011111111111
111111111000000000
000000000000000000111111111111111
111111111111100000000
0000000000000111111111111
1111001111111101000001111000000
000000001000000000011111111111111111
000000010011111111111100
1100111100000000000
1110111111110000000000000
11111111111111111011000100000000000001000000
001110010100000101010110101011100000111110100
0011110111100010001101100001101110000000001
0101101111101110001101100111000011110001000100000000000001111100
0000100000110111000101110000111001100001100100001110110000111110
000000111100011000001011011000001111010010111000101110
000000000000000000001011011111111111111
00111000100000011111101011111111100
11111111100000000000000011011111111111
011110000000000000111111111101111
00000000111111111111000
00000111111111
111111110110000000000000001011111
00011111111100000
10111100000000111110100011111100001
11111111111111000111000000000000011
000000101011111111100001110000
0000000000000111111111111111110
0000000000011101111101010111111011
111111111111000000000000
00000000000011011111111111111
11110000000000000011111110111000111
00100111111111111100100011100000000
0000000000000100011111111111111
00000100111111111111000000011110011100
00100111111111111101000000000
11111111011111000000000000
11110000000000000001111101111110111111
111111111110111111110000000000000000
10101010100111000000010101111000000110111100011111
000000000000011110001110011101010000111111110111
10010100011010000111100111010111100111000011111000
00010000000100000000100001000110100001000110110011011100
1101000110000110110000000011000100111111001011110111
000000000000011111111111111
01110110100011110000111110110000000000
111111111111100011000010000000001110
1110111000000000011011111111011100001111
000001101111111111111111100000
00000001111111101
000000011111111111110000010
00000000000011111110000110111111
00000001100111110001100111111111
000000000000111111
10000001111111001111110000000
1111111111111000000000
1111111111111110000000000
00000001000011111111
11111111111011101111100000000000000
0111110000011111111111111111110000100010
0000000000011111111001111111
111111111110000000
0000000010111110010110100011011111111111
000000000111111111
111111111000000000000
0000000000001111011111111111
000000001111111111
111111100000000000
1111010001111111101111100011000000000
1110001101001001110101100111111000111100001000
0000100011100100011100000010111101001010011111101110
01101110100001111111011101000001000000000000000
000001000101001111110001000111111010111111110101101010001001
011110001111111011101011011111101110000000000000000000
011000000000000100111100000011111101110000011011101010111
0000000000000110101111111111
11000000000011111111111111
111111111111101110001000001000100000000
0000000011111111100011100000110111101000001111
00000000000011001111111111111110000111110
00011111111111111111000000000001
0000000000011000001111111111111
0111111000000
00000000000000000111111111111110111
1111111111111110000000000000
000011111
11000000
00000000000011111111111111
1111110111111111000000000000
00011111111111001110000000111100
01111111111000000000110000000
00000001111111111111110000
000000000011111111111111
11111111111111000000000
011
000000
11111111111111111000000000000000
0111100110000000011111110101110000111110
0100001001001010000111100110011010110011011001
0111111111000000000000000000001110111111110010
01101110011011110000101010001001101001100010000110100
0001000000110001001110000011001010111111111
00000000000001110000111111011111111100
11100001111111101111001100100000000
00000000000000011111111111111111
111110000000001111000010010111111111100111011
011111111111111110000000
0000000000111000111111111111111
111111111111000000000000
000001111111111110
000000000
000
11111111111000000000
00000000000111111111111111
1111111011111110000000000000
00000011111111111000
00000000111111111111
11111111101100000000000
00000000011111111111111111000
0000000001101001111111111111
000000000001001
111111100000000000000011111111
1111111111000
10011111111111000111000000010111011111001100001010100
001011110011001110101010110110000000000011001111
1111111000100001000001010011001001001011110001010011
1000001010000011000010000111111001111101111
01111110101010010100001111111100
11101111100100111110011101000000000100000
000000000000000110000111000011111111111111111
111111111111100100000000001000100001
000000000000000001101110111111111011111111
00000000000001011111011111001111111111111
000111111101111111000000000000011
000000000111111111111
111111111000000000001111111
1111100000000000001111111111101
0000000000111111111100
0
111111110000000000
00000000001111111111110000
0000000000001101111111111
111111111111100000000110000000
000000001111111111111111110000
000000000001111111111
111111110110000000000000111010
000000000000000111111111111110
00000111110011111111100000000
00001111111
1111111111111100000000000000000001111100111111
1111111111100000000
0001111111111110000000111000001100
01111111111111110000000000000000000100
00111001111001110000110000011001111111111
111111000000000000001000110111
01111001100011010101101011010001111011110110010
0000000000000001111100111111111
10111111110101111100000000000
00001101110100111011111111101101110111100111000000000
000010011100000011110111110111
0000000000001111011111111111
1110000000000000
000011001111111111100110000010
000000000011111111111111011100
111111000000010000011111
1111110000000000001011
0001111111111110000000000000
0000011111111111111000
0000000000000011111111111111
011111
000
00000000111111111110
111100011111111101111000000000000
011111111111111100000000000000
1001111111001111111100000000000000
000011111001000000011011011110100110111011111
1111111110000000000000000000111111101100
011011101011111000111011011110100000010010001
000000000000000001111111111111111111
11111000000110111111111100000000000
0111011110001111111001010011101111001001100010101000000001
000001000000111111000000111111111100000
0000000000100111010011001001011110111111111111100
011110001111000000011011100100111111
0000001101111111111110100111001010001111101
00000000111111111
11111111110000000001111000
0000001111111111
11111111000
01111111111111100000000000000
11111111111110000000010000000
00000001111101111111110010000
0000011111111111000000011
00000001111111010000001001
00000000000001111111111
000001111111111111110000000000011111000
000000010111111111100000000001111
000000000000111111111
111110000000000
0000001110110001100111111101111001
11111111111111100000000000000
1111111110111001111100000000000000
1111111111111100000000000000100101
0000100001111111111100000000110111100011
0000111000000111111111111110000000
11110001100111111111011000101010000100110001011001
0010000000010001001100101111001000101111011101111
0001000000010010010011001110011111111111100100
0000111111111
1000000000000111111111001
0000000000000111111111111111111
111000000101111111000000001
00000000000000011111111111111
1111111100
111111111111000000000
00000010110000000111111111111
0000000000110111111111111
1000000001000111101111110000001111111111
11111111110000000111111111000000000000000111000111111100
1111101110000000000001111111000
01111111111110111000000000000111
111110111001110011100010110100100001000011
11111111111100001000000110100101111011010110
0000000000000101111111111
111111111111110000000000000011
111111111111111000000000
00000011111111111100000
01111111111111111110000000000
1101111111101110000000000000011
000000000011111111111
11111000000000000
111111111000000000000010001
1111001111111100010000000000
111001100101001110101001111001101010101100110110
10111110111111011110000101011000000010000100001
0111000101010111110101111111111111011010001000000000000
0011001000111000110001001101010010111110110010
0000001000000111011111111111111001000000010
0000001100000010100000111111111010001001111
000000000000000000011101111111111
1111111110000000000
001111111111100000000000
000000001111111111
001111111111111111100000000
0000001111111111
111001111110000000000000000000111111111
11111111111100000000000001
0000001101111111111100000
00001000000111111111110001110
000000000111111111111110
0100111111111111000000000
00000000111111111101110
11011111111100111000
11111111000000110000011
111111011111100000000
1011000011000010000011100100001011111111101111101101
01011101110100000000110010001111101100
0001011111111111111100110000000000111
100111100101111111010111110000011100011111101111
11111111111100111101110000100000000000000
00010100010001100110011010100011111010110100001100000111
00000000000000000000001010111111111111111
101010010010101111111111110110001000001110
000000000011100111011111100111111100
101010001101010101110000111110001011110011
00000000000011110111111111011111000010000011
000000000000000111111111111
00000111111111111110010000
01111000011000000000111111
